#{W0 -> 1, a0 -> 0.01, zb -> 10, r -> 0.5, l -> 0.05, b -> 1, q0 -> 0.05, p -> 0, h -> 0.1}
#{z1 -> 3.540760, z2 -> 6.412004, z3 -> 6.122998, u -> 4.8, w -> 0.05}
Nu0, M1, M2, M3, stable 
0.,0.,0.,0.,True

0.,0.,0.,0.,True

0.,0.,0.,0.,True

0.,0.,0.,0.,True

0.,0.,0.,0.,True

0.,0.,0.,0.,True

0.,0.,0.,0.,True

0.,0.,0.,0.,True

0.1,0,0,0,True

0.2,0,0,0,True

0.3,0,0,0,False

0.3,0,0,1.08889,False

0.3,0,1.35,0,True

0.4,0,0,0,False

0.4,0,0,3.87031,False

0.4,0,4.20666,0,True

0.5,0,0,0,False

0.5,0,0,6.5378,False

0.5,0,6.94494,0,True

0.5,5.90426,0,0,False

0.6,0,0,0,False

0.6,0,0,9.10342,False

0.6,0,9.57749,0,True

0.6,11.5371,0,0,False

0.7,0,0,0,False

0.7,0,0,11.5772,False

0.7,0,12.1148,0,True

0.7,16.7791,0,0,False

0.8,0,0,0,False

0.8,0,0,13.9678,False

0.8,0,14.5659,0,True

0.8,21.6966,0,0,False

0.9,0,0,0,False

0.9,0,0,16.2823,False

0.9,0,16.9383,0,True

0.9,26.3389,0,0,False

1.,0,0,0,False

1.,0,0,18.5271,False

1.,0,19.2386,0,True

1.,30.7442,0,0,False

1.1,0,0,0,False

1.1,0,0,20.7076,False

1.1,0,21.4724,0,True

1.1,34.9423,0,0,False

1.2,0,0,0,False

1.2,0,0,22.8286,False

1.2,0,23.6447,0,True

1.2,38.9575,0,0,False

1.3,0,0,0,False

1.3,0,0,24.8943,False

1.3,0,25.76,0,True

1.3,42.8096,0,0,False

1.4,0,0,0,False

1.4,0,0,26.9085,False

1.4,0,27.822,0,True

1.4,46.5152,0,0,False

1.5,0,0,0,False

1.5,0,0,28.8746,False

1.5,0,29.8343,0,True

1.5,50.088,0,0,False

1.6,0,0,0,False

1.6,0,0,30.7954,False

1.6,0,25.5526,6.05611,True

1.6,0,31.8,0,False

1.6,53.5401,0,0,False

1.7,0,0,0,False

1.7,0,0,32.6737,True

1.7,0,33.7219,0,False

1.7,56.8814,0,0,False

1.8,0,0,0,False

1.8,0,0,34.512,True

1.8,0,35.6025,0,False

1.8,60.1209,0,0,False

1.9,0,0,0,False

1.9,0,0,36.3124,True

1.9,0,37.4441,0,False

1.9,63.2663,0,0,False

2.,0,0,0,False

2.,0,0,38.0771,True

2.,0,39.2488,0,False

2.,66.3244,0,0,False

2.1,0,0,0,False

2.1,0,0,39.8077,True

2.1,0,41.0185,0,False

2.1,69.3012,0,0,False

2.2,0,0,0,False

2.2,0,0,41.506,True

2.2,0,42.7549,0,False

2.2,72.202,0,0,False

2.3,0,0,0,False

2.3,0,0,43.1737,True

2.3,0,44.4597,0,False

2.3,75.0317,0,0,False

2.4,0,0,0,False

2.4,0,0,44.812,True

2.4,0,46.1344,0,False

2.4,77.7945,0,0,False

2.5,0,0,0,False

2.5,0,0,46.4224,True

2.5,0,47.7803,0,False

2.5,80.4944,0,0,False

2.6,0,0,0,False

2.6,0,0,48.006,True

2.6,0,49.3987,0,False

2.6,83.135,0,0,False

2.7,0,0,0,False

2.7,0,0,49.5641,True

2.7,0,50.9908,0,False

2.7,85.7193,0,0,False

2.8,0,0,0,False

2.8,0,0,51.0976,True

2.8,0,52.5576,0,False

2.8,88.2504,0,0,False

2.9,0,0,0,False

2.9,0,0,52.6076,True

2.9,0,54.1003,0,False

2.9,90.731,0,0,False

3.,0,0,0,False

3.,0,0,54.095,True

3.,0,55.6197,0,False

3.,93.1635,0,0,False

3.1,0,0,0,False

3.1,0,0,55.5607,True

3.1,0,57.1168,0,False

3.1,95.5502,0,0,False

3.2,0,0,0,False

3.2,0,0,57.0054,True

3.2,0,58.5923,0,False

3.2,97.8932,0,0,False

3.3,0,0,0,False

3.3,0,0,58.43,True

3.3,0,60.0472,0,False

3.3,100.194,0,0,False

3.4,0,0,0,False

3.4,0,0,59.8352,True

3.4,0,61.4821,0,False

3.4,102.456,0,0,False

3.5,0,0,0,False

3.5,0,0,61.2216,True

3.5,0,62.8977,0,False

3.5,104.679,0,0,False

3.6,0,0,0,False

3.6,0,0,62.5899,True

3.6,0,64.2947,0,False

3.6,106.865,0,0,False

3.7,0,0,0,False

3.7,0,0,63.9407,True

3.7,0,65.6737,0,False

3.7,109.017,0,0,False

3.8,0,0,0,False

3.8,0,0,65.2745,True

3.8,0,67.0354,0,False

3.8,111.134,0,0,False

3.9,0,0,0,False

3.9,0,0,66.592,True

3.9,0,68.3802,0,False

3.9,113.219,0,0,False

4.,0,0,0,False

4.,0,0,67.8935,True

4.,0,69.7086,0,False

4.,115.273,0,0,False

4.1,0,0,0,False

4.1,0,0,69.1797,True

4.1,0,71.0213,0,False

4.1,117.296,0,0,False

4.2,0,0,0,False

4.2,0,0,70.4509,True

4.2,0,72.3186,0,False

4.2,119.29,0,0,False

4.3,0,0,0,False

4.3,0,0,71.7077,True

4.3,0,73.6011,0,False

4.3,121.024,0,0.0997367,False

4.3,121.256,0,0,False

4.4,0,0,0,False

4.4,0,0,72.9504,True

4.4,0,74.869,0,False

4.4,118.12,0,2.19821,False

4.4,123.195,0,0,False

4.5,0,0,0,False

4.5,0,0,74.1793,True

4.5,0,76.123,0,False

4.5,115.03,0,4.41559,False

4.5,125.108,0,0,False

4.6,0,0,0,False

4.6,0,0,75.395,False

4.6,0,77.3633,0,False

4.6,0.984456,76.5834,0,False

4.6,3.3165,0,72.8306,True

4.6,111.718,0,6.77487,False

4.6,126.995,0,0,False

4.7,0,0,0,False

4.7,0,0,76.5978,False

4.7,0,78.5904,0,False

4.7,4.7037,74.8788,0,False

4.7,7.91323,0,70.5153,True

4.7,108.134,0,9.30755,False

4.7,128.858,0,0,False

4.8,0,0,0,False

4.8,0,0,77.788,False

4.8,0,79.8045,0,False

4.8,8.57357,73.0681,0,False

4.8,12.8471,0,67.9776,True

4.8,104.204,0,12.0591,False

4.8,126.277,1.94709,0,False

4.8,130.697,0,0,True

4.9,0,0,0,False

4.9,0,0,78.9659,False

4.9,0,81.006,0,False

4.9,12.6229,71.1333,0,False

4.9,18.2299,0,65.1479,True

4.9,99.8185,0,15.0991,False

4.9,123.241,4.13105,0,False

4.9,132.512,0,0,True

5.,0,0,0,False

5.,0,0,80.1319,False

5.,0,82.1953,0,False

5.,16.89,69.0507,0,False

5.,24.2497,0,61.9091,True

5.,94.7881,0,18.5449,False

5.,119.978,6.45893,0,False

5.,134.306,0,0,True

5.1,0,0,0,False

5.1,0,0,81.2863,False

5.1,0,83.3727,0,False

5.1,21.4283,66.787,0,False

5.1,31.2747,0,58.032,True

5.1,88.7451,0,22.6257,False

5.1,116.436,8.96396,0,False

5.1,136.077,0,0,True

5.2,0,0,0,False

5.2,0,0,82.4293,False

5.2,0,84.5385,0,False

5.2,26.3155,64.2939,0,False

5.2,40.2606,0,52.9229,True

5.2,80.7341,0,27.9352,False

5.2,112.538,11.6946,0,False

5.2,137.828,0,0,True

5.3,0,0,0,False

5.3,0,0,83.5613,False

5.3,0,85.6929,0,False

5.3,31.6739,61.4956,0,False

5.3,62.2712,0.159013,39.5839,False

5.3,108.161,14.7269,0,False

5.3,139.557,0,0,True

5.4,0,0,0,False

5.4,0,0,84.6825,False

5.4,0,86.8362,0,False

5.4,37.7156,58.2601,0,False

5.4,64.6101,10.6065,28.9469,False

5.4,103.093,18.1926,0,False

5.4,141.267,0,0,True

5.5,0,0,0,False

5.5,0,0,85.7931,False

5.5,0,87.9687,0,False

5.5,44.8779,54.3164,0,False

5.5,66.9359,21.0186,18.3405,True

5.5,96.8976,22.3631,0,False

5.5,142.958,0,0,True

5.6,0,0,0,False

5.6,0,0,86.8935,False

5.6,0,89.0907,0,False

5.6,54.4443,48.8699,0,False

5.6,69.249,31.3967,7.7634,True

5.6,88.2908,28.0329,0,False

5.6,144.629,0,0,True

5.7,0,0,0,False

5.7,0,0,87.9838,False

5.7,0,90.2024,0,False

5.7,146.282,0,0,True

5.8,0,0,0,False

5.8,0,0,89.0643,False

5.8,0,91.304,0,False

5.8,147.917,0,0,True

5.9,0,0,0,False

5.9,0,0,90.1353,False

5.9,0,92.3958,0,False

5.9,149.535,0,0,True

6.,0,0,0,False

6.,0,0,91.1968,False

6.,0,93.478,0,False

6.,151.136,0,0,True

6.1,0,0,0,False

6.1,0,0,92.2492,False

6.1,0,94.5507,0,False

6.1,152.72,0,0,True

6.2,0,0,0,False

6.2,0,0,93.2925,False

6.2,0,95.6143,0,False

6.2,154.287,0,0,True

6.3,0,0,0,False

6.3,0,0,94.3271,False

6.3,0,96.6688,0,False

6.3,155.839,0,0,True

6.4,0,0,0,False

6.4,0,0,95.3531,False

6.4,0,97.7145,0,False

6.4,157.376,0,0,True

6.5,0,0,0,False

6.5,0,0,96.3707,False

6.5,0,98.7516,0,False

6.5,158.897,0,0,True

6.6,0,0,0,False

6.6,0,0,97.38,False

6.6,0,99.7802,0,False

6.6,160.404,0,0,True

6.7,0,0,0,False

6.7,0,0,98.3813,False

6.7,0,100.801,0,False

6.7,161.896,0,0,True

6.8,0,0,0,False

6.8,0,0,99.3746,False

6.8,0,101.813,0,False

6.8,163.374,0,0,True

6.9,0,0,0,False

6.9,0,0,100.36,False

6.9,0,102.817,0,False

6.9,164.838,0,0,True

7.,0,0,0,False

7.,0,0,101.338,False

7.,0,103.813,0,False

7.,166.289,0,0,True

7.1,0,0,0,False

7.1,0,0,102.308,False

7.1,0,104.802,0,False

7.1,167.727,0,0,True

7.2,0,0,0,False

7.2,0,0,103.272,False

7.2,0,105.783,0,False

7.2,169.151,0,0,True

7.3,0,0,0,False

7.3,0,0,104.227,False

7.3,0,106.757,0,False

7.3,170.563,0,0,True

7.4,0,0,0,False

7.4,0,0,105.176,False

7.4,0,107.724,0,False

7.4,171.963,0,0,True

7.5,0,0,0,False

7.5,0,0,106.118,False

7.5,0,108.683,0,False

7.5,173.351,0,0,True

7.6,0,0,0,False

7.6,0,0,107.053,False

7.6,0,109.636,0,False

7.6,174.726,0,0,True

7.7,0,0,0,False

7.7,0,0,107.982,False

7.7,0,110.582,0,False

7.7,176.09,0,0,True

7.8,0,0,0,False

7.8,0,0,108.904,False

7.8,0,111.521,0,False

7.8,177.442,0,0,True

7.9,0,0,0,False

7.9,0,0,109.819,False

7.9,0,112.453,0,False

7.9,178.784,0,0,True

8.,0,0,0,False

8.,0,0,110.728,False

8.,0,113.379,0,False

8.,180.114,0,0,True

8.1,0,0,0,False

8.1,0,0,111.631,False

8.1,0,114.298,0,False

8.1,181.433,0,0,True

8.2,0,0,0,False

8.2,0,0,112.527,False

8.2,0,115.211,0,False

8.2,182.742,0,0,True

8.3,0,0,0,False

8.3,0,0,113.418,False

8.3,0,116.118,0,False

8.3,184.04,0,0,True

8.4,0,0,0,False

8.4,0,0,114.303,False

8.4,0,117.019,0,False

8.4,185.328,0,0,True

8.5,0,0,0,False

8.5,0,0,115.182,False

8.5,0,117.914,0,False

8.5,186.606,0,0,True

8.6,0,0,0,False

8.6,0,0,116.055,False

8.6,0,118.803,0,False

8.6,187.875,0,0,True

8.7,0,0,0,False

8.7,0,0,116.922,False

8.7,0,119.686,0,False

8.7,189.133,0,0,True

8.8,0,0,0,False

8.8,0,0,117.784,False

8.8,0,120.564,0,False

8.8,190.382,0,0,True

8.9,0,0,0,False

8.9,0,0,118.64,False

8.9,0,121.436,0,False

8.9,191.622,0,0,True

9.,0,0,0,False

9.,0,0,119.492,False

9.,0,122.302,0,False

9.,192.852,0,0,True

9.1,0,0,0,False

9.1,0,0,120.337,False

9.1,0,123.163,0,False

9.1,194.073,0,0,True

9.2,0,0,0,False

9.2,0,0,121.178,False

9.2,0,124.019,0,False

9.2,195.286,0,0,True

9.3,0,0,0,False

9.3,0,0,122.013,False

9.3,0,124.869,0,False

9.3,196.49,0,0,True

9.4,0,0,0,False

9.4,0,0,122.843,False

9.4,0,125.715,0,False

9.4,197.685,0,0,True

9.5,0,0,0,False

9.5,0,0,123.669,False

9.5,0,126.555,0,False

9.5,198.871,0,0,True

9.6,0,0,0,False

9.6,0,0,124.489,False

9.6,0,127.39,0,False

9.6,200.05,0,0,True

9.7,0,0,0,False

9.7,0,0,125.305,False

9.7,0,128.22,0,False

9.7,201.22,0,0,True

9.8,0,0,0,False

9.8,0,0,126.115,False

9.8,0,129.045,0,False

9.8,202.382,0,0,True

9.9,0,0,0,False

9.9,0,0,126.921,False

9.9,0,129.865,0,False

9.9,203.536,0,0,True

10.,0,0,0,False

10.,0,0,127.723,False

10.,0,130.681,0,False

10.,204.682,0,0,True