# {W0 -> 1, a0 -> 0.01, zb -> 10, r -> 0.5, l -> 0.05, b -> 1,  q0 -> 0.005, p -> 0.5, h -> 0.1 }
#{z1 -> 3.537603, z2 -> 5.762877, u -> 4.5, w -> 0.1}
Nu0,M1,M2,stable


3.,0,0,False

3.,0,52.6517,True

3.,79.3741,0,False

3.01,0,0,False

3.01,0,52.8081,True

3.01,79.6021,0,False

3.02,0,0,False

3.02,0,52.9643,True

3.02,79.8297,0,False

3.03,0,0,False

3.03,0,53.1203,True

3.03,80.0569,0,False

3.04,0,0,False

3.04,0,53.2761,True

3.04,80.2837,0,False

3.05,0,0,False

3.05,0,53.4316,True

3.05,80.5101,0,False

3.06,0,0,False

3.06,0,53.587,True

3.06,80.736,0,False

3.07,0,0,False

3.07,0,53.7421,True

3.07,80.9616,0,False

3.08,0,0,False

3.08,0,53.897,True

3.08,81.1867,0,False

3.09,0,0,False

3.09,0,54.0517,True

3.09,81.4115,0,False

3.1,0,0,False

3.1,0,54.2062,True

3.1,81.6358,0,False

3.11,0,0,False

3.11,0,54.3604,True

3.11,81.8598,0,False

3.12,0,0,False

3.12,0,54.5145,True

3.12,82.0833,0,False

3.13,0,0,False

3.13,0,54.6683,True

3.13,82.3065,0,False

3.14,0,0,False

3.14,0,54.822,True

3.14,82.5293,0,False

3.15,0,0,False

3.15,0,54.9754,True

3.15,82.7516,0,False

3.16,0,0,False

3.16,0,55.1286,True

3.16,82.9736,0,False

3.17,0,0,False

3.17,0,55.2816,True

3.17,83.1952,0,False

3.18,0,0,False

3.18,0,55.4344,True

3.18,83.4164,0,False

3.19,0,0,False

3.19,0,55.587,True

3.19,83.6372,0,False

3.2,0,0,False

3.2,0,55.7394,True

3.2,83.8577,0,False

3.21,0,0,False

3.21,0,55.8916,True

3.21,84.0777,0,False

3.22,0,0,False

3.22,0,56.0435,True

3.22,84.2974,0,False

3.23,0,0,False

3.23,0,56.1953,True

3.23,84.5167,0,False

3.24,0,0,False

3.24,0,56.3469,True

3.24,84.7356,0,False

3.25,0,0,False

3.25,0,56.4983,True

3.25,84.9542,0,False

3.26,0,0,False

3.26,0,56.6494,True

3.26,85.1724,0,False

3.27,0,0,False

3.27,0,56.8004,True

3.27,85.3902,0,False

3.28,0,0,False

3.28,0,56.9512,True

3.28,85.6076,0,False

3.29,0,0,False

3.29,0,57.1017,True

3.29,85.8247,0,False

3.3,0,0,False

3.3,0,57.2521,True

3.3,86.0414,0,False

3.31,0,0,False

3.31,0,57.4023,True

3.31,86.2577,0,False

3.32,0,0,False

3.32,0,57.5522,True

3.32,86.4737,0,False

3.33,0,0,False

3.33,0,57.702,True

3.33,86.6893,0,False

3.34,0,0,False

3.34,0,57.8516,True

3.34,86.9045,0,False

3.35,0,0,False

3.35,0,58.001,True

3.35,87.1194,0,False

3.36,0,0,False

3.36,0,58.1502,True

3.36,87.3339,0,False

3.37,0,0,False

3.37,0,58.2992,True

3.37,87.5481,0,False

3.38,0,0,False

3.38,0,58.448,True

3.38,87.7619,0,False

3.39,0,0,False

3.39,0,58.5966,True

3.39,87.9754,0,False

3.4,0,0,False

3.4,0,58.745,True

3.4,88.1885,0,False

3.41,0,0,False

3.41,0,58.8932,True

3.41,88.4012,0,False

3.42,0,0,False

3.42,0,59.0413,True

3.42,88.6137,0,False

3.43,0,0,False

3.43,0,59.1891,True

3.43,88.8257,0,False

3.44,0,0,False

3.44,0,59.3367,True

3.44,89.0374,0,False

3.45,0,0,False

3.45,0,59.4842,True

3.45,89.2488,0,False

3.46,0,0,False

3.46,0,59.6315,True

3.46,89.4598,0,False

3.47,0,0,False

3.47,0,59.7786,True

3.47,89.6705,0,False

3.48,0,0,False

3.48,0,59.9255,True

3.48,89.8809,0,False

3.49,0,0,False

3.49,0,60.0722,True

3.49,90.0909,0,False

3.5,0,0,False

3.5,0,60.2187,True

3.5,90.3005,0,False

3.51,0,0,False

3.51,0,60.3651,True

3.51,90.5099,0,False

3.52,0,0,False

3.52,0,60.5112,True

3.52,90.7189,0,False

3.53,0,0,False

3.53,0,60.6572,True

3.53,90.9275,0,False

3.54,0,0,False

3.54,0,60.803,True

3.54,91.1359,0,False

3.55,0,0,False

3.55,0,60.9486,True

3.55,91.3438,0,False

3.56,0,0,False

3.56,0,61.094,True

3.56,91.5515,0,False

3.57,0,0,False

3.57,0,61.2393,True

3.57,91.7589,0,False

3.58,0,0,False

3.58,0,61.3843,True

3.58,91.9659,0,False

3.59,0,0,False

3.59,0,61.5292,True

3.59,92.1725,0,False

3.6,0,0,False

3.6,0,61.6739,True

3.6,92.3789,0,False

3.61,0,0,False

3.61,0,61.8184,True

3.61,92.5849,0,False

3.62,0,0,False

3.62,0,61.9628,True

3.62,92.7907,0,False

3.63,0,0,False

3.63,0,62.1069,True

3.63,92.996,0,False

3.64,0,0,False

3.64,0,62.2509,True

3.64,93.2011,0,False

3.65,0,0,False

3.65,0,62.3947,True

3.65,93.4059,0,False

3.66,0,0,False

3.66,0,62.5383,True

3.66,93.6103,0,False

3.67,0,0,False

3.67,0,62.6818,True

3.67,93.8144,0,False

3.68,0,0,False

3.68,0,62.8251,True

3.68,94.0182,0,False

3.69,0,0,False

3.69,0,62.9682,True

3.69,94.2217,0,False

3.7,0,0,False

3.7,0,63.1111,True

3.7,94.4249,0,False

3.71,0,0,False

3.71,0,63.2539,True

3.71,94.6278,0,False

3.72,0,0,False

3.72,0,63.3964,True

3.72,94.8303,0,False

3.73,0,0,False

3.73,0,63.5389,True

3.73,95.0326,0,False

3.74,0,0,False

3.74,0,63.6811,True

3.74,95.2345,0,False

3.75,0,0,False

3.75,0,63.8231,True

3.75,95.4362,0,False

3.76,0,0,False

3.76,0,63.965,True

3.76,95.6375,0,False

3.77,0,0,False

3.77,0,64.1068,True

3.77,95.8385,0,False

3.78,0,0,False

3.78,0,64.2483,True

3.78,96.0392,0,False

3.79,0,0,False

3.79,0,64.3897,True

3.79,96.2396,0,False

3.8,0,0,False

3.8,0,64.5309,True

3.8,96.4398,0,False

3.81,0,0,False

3.81,0,64.6719,True

3.81,96.6396,0,False

3.82,0,0,False

3.82,0,64.8128,True

3.82,96.8391,0,False

3.83,0,0,False

3.83,0,64.9535,True

3.83,97.0383,0,False

3.84,0,0,False

3.84,0,65.0941,True

3.84,97.2372,0,False

3.85,0,0,False

3.85,0,65.2344,True

3.85,97.4359,0,False

3.86,0,0,False

3.86,0,65.3746,True

3.86,97.6342,0,False

3.87,0,0,False

3.87,0,65.5147,True

3.87,97.8322,0,False

3.88,0,0,False

3.88,0,65.6545,True

3.88,98.03,0,False

3.89,0,0,False

3.89,0,65.7943,True

3.89,98.2274,0,False

3.9,0,0,False

3.9,0,65.9338,True

3.9,98.4246,0,False

3.91,0,0,False

3.91,0,66.0732,True

3.91,98.6215,0,False

3.92,0,0,False

3.92,0,66.2124,True

3.92,98.8181,0,False

3.93,0,0,False

3.93,0,66.3515,True

3.93,99.0144,0,False

3.94,0,0,False

3.94,0,66.4903,True

3.94,99.2104,0,False

3.95,0,0,False

3.95,0,66.6291,True

3.95,99.4061,0,False

3.96,0,0,False

3.96,0,66.7676,True

3.96,99.6016,0,False

3.97,0,0,False

3.97,0,66.906,True

3.97,99.7967,0,False

3.98,0,0,False

3.98,0,67.0443,True

3.98,99.9916,0,False

3.99,0,0,False

3.99,0,67.1824,True

3.99,100.186,0,False

4.,0,0,False

4.,0,67.3203,True

4.,100.381,0,False

4.01,0,0,False

4.01,0,67.4581,True

4.01,100.575,0,False

4.02,0,0,False

4.02,0,67.5957,True

4.02,100.768,0,False

4.03,0,0,False

4.03,0,67.7331,True

4.03,100.962,0,False

4.04,0,0,False

4.04,0,67.8704,True

4.04,101.155,0,False

4.05,0,0,False

4.05,0,68.0076,True

4.05,101.348,0,False

4.06,0,0,False

4.06,0,68.1445,True

4.06,101.541,0,False

4.07,0,0,False

4.07,0,68.2814,True

4.07,101.733,0,False

4.08,0,0,False

4.08,0,68.418,True

4.08,101.925,0,False

4.09,0,0,False

4.09,0,68.5545,True

4.09,102.117,0,False

4.1,0,0,False

4.1,0,68.6909,True

4.1,102.309,0,False

4.11,0,0,False

4.11,0,68.8271,True

4.11,102.5,0,False

4.12,0,0,False

4.12,0,68.9631,True

4.12,102.691,0,False

4.13,0,0,False

4.13,0,69.099,True

4.13,102.882,0,False

4.14,0,0,False

4.14,0,69.2348,True

4.14,103.072,0,False

4.15,0,0,False

4.15,0,69.3704,True

4.15,103.262,0,False

4.16,0,0,False

4.16,0,69.5058,True

4.16,103.452,0,False

4.17,0,0,False

4.17,0,69.6411,True

4.17,103.642,0,False

4.18,0,0,False

4.18,0,69.7762,True

4.18,103.832,0,False

4.19,0,0,False

4.19,0,69.9112,True

4.19,104.021,0,False

4.2,0,0,False

4.2,0,70.046,True

4.2,104.21,0,False

4.21,0,0,False

4.21,0,70.1807,True

4.21,104.398,0,False

4.22,0,0,False

4.22,0,70.3152,True

4.22,104.587,0,False

4.23,0,0,False

4.23,0,70.4496,True

4.23,104.775,0,False

4.24,0,0,False

4.24,0,70.5838,True

4.24,104.963,0,False

4.25,0,0,False

4.25,0,70.7179,True

4.25,105.15,0,False

4.26,0,0,False

4.26,0,70.8519,True

4.26,105.338,0,False

4.27,0,0,False

4.27,0,70.9856,True

4.27,105.525,0,False

4.28,0,0,False

4.28,0,71.1193,True

4.28,105.712,0,False

4.29,0,0,False

4.29,0,71.2528,True

4.29,105.898,0,False

4.3,0,0,False

4.3,0,71.3861,True

4.3,106.085,0,False

4.31,0,0,False

4.31,0,71.5193,True

4.31,106.271,0,False

4.32,0,0,False

4.32,0,71.6524,True

4.32,106.457,0,False

4.33,0,0,False

4.33,0,71.7853,True

4.33,106.642,0,False

4.34,0,0,False

4.34,0,71.918,True

4.34,106.828,0,False

4.35,0,0,False

4.35,0,72.0507,True

4.35,107.013,0,False

4.36,0,0,False

4.36,0,72.1831,True

4.36,107.198,0,False

4.37,0,0,False

4.37,0,72.3155,True

4.37,107.382,0,False

4.38,0,0,False

4.38,0,72.4476,True

4.38,107.567,0,False

4.39,0,0,False

4.39,0,72.5797,False

4.39,0.0692602,72.5254,True

4.39,107.751,0,False

4.4,0,0,False

4.4,0,72.7116,False

4.4,0.591375,72.248,True

4.4,107.935,0,False

4.41,0,0,False

4.41,0,72.8434,False

4.41,1.11656,71.9685,True

4.41,108.118,0,False

4.42,0,0,False

4.42,0,72.975,False

4.42,1.64489,71.6866,True

4.42,108.302,0,False

4.43,0,0,False

4.43,0,73.1064,False

4.43,2.17643,71.4023,True

4.43,108.485,0,False

4.44,0,0,False

4.44,0,73.2378,False

4.44,2.71127,71.1157,True

4.44,108.668,0,False

4.45,0,0,False

4.45,0,73.369,False

4.45,3.24948,70.8266,True

4.45,108.85,0,False

4.46,0,0,False

4.46,0,73.5,False

4.46,3.79115,70.5351,True

4.46,109.033,0,False

4.47,0,0,False

4.47,0,73.6309,False

4.47,4.33636,70.2409,True

4.47,109.215,0,False

4.48,0,0,False

4.48,0,73.7617,False

4.48,4.88521,69.9441,True

4.48,109.397,0,False

4.49,0,0,False

4.49,0,73.8924,False

4.49,5.43779,69.6447,True

4.49,109.579,0,False

4.5,0,0,False

4.5,0,74.0228,False

4.5,5.99419,69.3424,True

4.5,109.76,0,False

4.51,0,0,False

4.51,0,74.1532,False

4.51,6.55452,69.0374,True

4.51,109.941,0,False

4.52,0,0,False

4.52,0,74.2834,False

4.52,7.11889,68.7295,True

4.52,110.122,0,False

4.53,0,0,False

4.53,0,74.4135,False

4.53,7.68741,68.4185,True

4.53,110.303,0,False

4.54,0,0,False

4.54,0,74.5434,False

4.54,8.26018,68.1046,True

4.54,110.484,0,False

4.55,0,0,False

4.55,0,74.6733,False

4.55,8.83734,67.7875,True

4.55,110.664,0,False

4.56,0,0,False

4.56,0,74.8029,False

4.56,9.41902,67.4672,True

4.56,110.844,0,False

4.57,0,0,False

4.57,0,74.9325,False

4.57,10.0053,67.1436,True

4.57,111.024,0,False

4.58,0,0,False

4.58,0,75.0619,False

4.58,10.5964,66.8166,True

4.58,111.203,0,False

4.59,0,0,False

4.59,0,75.1911,False

4.59,11.1925,66.4861,True

4.59,111.383,0,False

4.6,0,0,False

4.6,0,75.3203,False

4.6,11.7936,66.152,True

4.6,111.562,0,False

4.61,0,0,False

4.61,0,75.4492,False

4.61,12.4,65.8142,True

4.61,111.741,0,False

4.62,0,0,False

4.62,0,75.5781,False

4.62,13.0117,65.4726,True

4.62,111.92,0,False

4.63,0,0,False

4.63,0,75.7068,False

4.63,13.6291,65.127,True

4.63,112.098,0,False

4.64,0,0,False

4.64,0,75.8354,False

4.64,14.2523,64.7774,True

4.64,112.276,0,False

4.65,0,0,False

4.65,0,75.9639,False

4.65,14.8814,64.4235,True

4.65,112.454,0,False

4.66,0,0,False

4.66,0,76.0922,False

4.66,15.5168,64.0653,True

4.66,112.632,0,False

4.67,0,0,False

4.67,0,76.2204,False

4.67,16.1586,63.7027,True

4.67,112.81,0,False

4.68,0,0,False

4.68,0,76.3484,False

4.68,16.807,63.3353,True

4.68,112.295,0.384962,False

4.68,112.987,0,True

4.69,0,0,False

4.69,0,76.4764,False

4.69,17.4623,62.9632,True

4.69,111.761,0.780739,False

4.69,113.164,0,True

4.7,0,0,False

4.7,0,76.6042,False

4.7,18.1249,62.586,True

4.7,111.221,1.18147,False

4.7,113.341,0,True

4.71,0,0,False

4.71,0,76.7318,False

4.71,18.7948,62.2036,True

4.71,110.673,1.58733,False

4.71,113.518,0,True

4.72,0,0,False

4.72,0,76.8594,False

4.72,19.4726,61.8159,True

4.72,110.117,1.99855,False

4.72,113.694,0,True

4.73,0,0,False

4.73,0,76.9868,False

4.73,20.1584,61.4225,True

4.73,109.553,2.41533,False

4.73,113.87,0,True

4.74,0,0,False

4.74,0,77.114,False

4.74,20.8527,61.0233,True

4.74,108.981,2.8379,False

4.74,114.046,0,True

4.75,0,0,False

4.75,0,77.2412,False

4.75,21.5558,60.618,True

4.75,108.399,3.26652,False

4.75,114.222,0,True

4.76,0,0,False

4.76,0,77.3682,False

4.76,22.2682,60.2063,True

4.76,107.808,3.70145,False

4.76,114.398,0,True

4.77,0,0,False

4.77,0,77.4951,False

4.77,22.9901,59.788,True

4.77,107.208,4.14299,False

4.77,114.573,0,True

4.78,0,0,False

4.78,0,77.6218,False

4.78,23.7222,59.3626,True

4.78,106.597,4.59145,False

4.78,114.748,0,True

4.79,0,0,False

4.79,0,77.7484,False

4.79,24.4649,58.93,True

4.79,105.976,5.04716,False

4.79,114.923,0,True

4.8,0,0,False

4.8,0,77.8749,False

4.8,25.2187,58.4897,True

4.8,105.343,5.51049,False

4.8,115.098,0,True

4.81,0,0,False

4.81,0,78.0013,False

4.81,25.9843,58.0414,True

4.81,104.698,5.98184,False

4.81,115.272,0,True

4.82,0,0,False

4.82,0,78.1276,False

4.82,26.7624,57.5845,True

4.82,104.041,6.46164,False

4.82,115.447,0,True

4.83,0,0,False

4.83,0,78.2537,False

4.83,27.5535,57.1187,True

4.83,103.371,6.95036,False

4.83,115.621,0,True

4.84,0,0,False

4.84,0,78.3796,False

4.84,28.3585,56.6434,True

4.84,102.686,7.44853,False

4.84,115.795,0,True

4.85,0,0,False

4.85,0,78.5055,False

4.85,29.1782,56.158,True

4.85,101.987,7.95672,False

4.85,115.968,0,True

4.86,0,0,False

4.86,0,78.6312,False

4.86,30.0137,55.6618,True

4.86,101.272,8.47556,False

4.86,116.142,0,True

4.87,0,0,False

4.87,0,78.7568,False

4.87,30.8659,55.1543,True

4.87,100.54,9.00577,False

4.87,116.315,0,True

4.88,0,0,False

4.88,0,78.8823,False

4.88,31.736,54.6346,True

4.88,99.7902,9.54812,False

4.88,116.488,0,True

4.89,0,0,False

4.89,0,79.0077,False

4.89,32.6254,54.1018,True

4.89,99.0209,10.1035,False

4.89,116.661,0,True

4.9,0,0,False

4.9,0,79.1329,False

4.9,33.5354,53.555,True

4.9,98.2308,10.6729,False

4.9,116.833,0,True

4.91,0,0,False

4.91,0,79.258,False

4.91,34.4679,52.9929,True

4.91,97.4182,11.2574,False

4.91,117.006,0,True

4.92,0,0,False

4.92,0,79.383,False

4.92,35.4247,52.4144,True

4.92,96.5812,11.8584,False

4.92,117.178,0,True

4.93,0,0,False

4.93,0,79.5078,False

4.93,36.4081,51.8179,True

4.93,95.7175,12.4773,False

4.93,117.35,0,True

4.94,0,0,False

4.94,0,79.6326,False

4.94,37.4206,51.2017,True

4.94,94.8246,13.1158,False

4.94,117.522,0,True

4.95,0,0,False

4.95,0,79.7572,False

4.95,38.4652,50.5639,True

4.95,93.8995,13.7759,False

4.95,117.693,0,True

4.96,0,0,False

4.96,0,79.8817,False

4.96,39.5455,49.9019,True

4.96,92.9386,14.4601,False

4.96,117.864,0,True

4.97,0,0,False

4.97,0,80.006,False

4.97,40.6657,49.2131,True

4.97,91.9376,15.1711,False

4.97,118.036,0,True

4.98,0,0,False

4.98,0,80.1303,False

4.98,41.8311,48.4939,True

4.98,90.8914,15.9124,False

4.98,118.207,0,True

4.99,0,0,False

4.99,0,80.2544,False

4.99,43.048,47.74,True

4.99,89.7935,16.6884,False

4.99,118.377,0,True

5.,0,0,False

5.,0,80.3784,False

5.,44.3246,46.946,True

5.,88.6359,17.5044,False

5.,118.548,0,True

5.01,0,0,False

5.01,0,80.5023,False

5.01,45.6713,46.1051,True

5.01,87.408,18.3674,False

5.01,118.718,0,True

5.02,0,0,False

5.02,0,80.626,False

5.02,47.102,45.2078,True

5.02,86.0961,19.2866,False

5.02,118.888,0,True

5.03,0,0,False

5.03,0,80.7496,False

5.03,48.6358,44.2414,True

5.03,84.6809,20.2748,False

5.03,119.058,0,True

5.04,0,0,False

5.04,0,80.8731,False

5.04,50.3005,43.1874,True

5.04,83.1347,21.3507,False

5.04,119.228,0,True

5.05,0,0,False

5.05,0,80.9965,False

5.05,52.1393,42.0171,True

5.05,81.4144,22.5427,False

5.05,119.397,0,True

5.06,0,0,False

5.06,0,81.1198,False

5.06,54.2255,40.6816,True

5.06,79.4465,23.9001,False

5.06,119.567,0,True

5.07,0,0,False

5.07,0,81.2429,False

5.07,56.7059,39.083,True

5.07,77.0844,25.5203,False

5.07,119.736,0,True

5.08,0,0,False

5.08,0,81.366,False

5.08,59.9794,36.9556,True

5.08,73.929,27.6694,False

5.08,119.905,0,True

5.09,0,0,False

5.09,0,81.4889,False

5.09,120.073,0,True

5.1,0,0,False

5.1,0,81.6117,False

5.1,120.242,0,True

5.11,0,0,False

5.11,0,81.7343,False

5.11,120.41,0,True

5.12,0,0,False

5.12,0,81.8569,False

5.12,120.578,0,True

5.13,0,0,False

5.13,0,81.9793,False

5.13,120.746,0,True

5.14,0,0,False

5.14,0,82.1016,False

5.14,120.914,0,True

5.15,0,0,False

5.15,0,82.2238,False

5.15,121.082,0,True

5.16,0,0,False

5.16,0,82.3459,False

5.16,121.249,0,True

5.17,0,0,False

5.17,0,82.4679,False

5.17,121.416,0,True

5.18,0,0,False

5.18,0,82.5897,False

5.18,121.583,0,True

5.19,0,0,False

5.19,0,82.7114,False

5.19,121.75,0,True

5.2,0,0,False

5.2,0,82.8331,False

5.2,121.916,0,True

5.21,0,0,False

5.21,0,82.9546,False

5.21,122.083,0,True

5.22,0,0,False

5.22,0,83.0759,False

5.22,122.249,0,True

5.23,0,0,False

5.23,0,83.1972,False

5.23,122.415,0,True

5.24,0,0,False

5.24,0,83.3183,False

5.24,122.581,0,True

5.25,0,0,False

5.25,0,83.4394,False

5.25,122.746,0,True

5.26,0,0,False

5.26,0,83.5603,False

5.26,122.912,0,True

5.27,0,0,False

5.27,0,83.6811,False

5.27,123.077,0,True

5.28,0,0,False

5.28,0,83.8018,False

5.28,123.242,0,True

5.29,0,0,False

5.29,0,83.9224,False

5.29,123.407,0,True

5.3,0,0,False

5.3,0,84.0428,False

5.3,123.572,0,True

5.31,0,0,False

5.31,0,84.1632,False

5.31,123.736,0,True

5.32,0,0,False

5.32,0,84.2834,False

5.32,123.901,0,True

5.33,0,0,False

5.33,0,84.4035,False

5.33,124.065,0,True

5.34,0,0,False

5.34,0,84.5235,False

5.34,124.229,0,True

5.35,0,0,False

5.35,0,84.6434,False

5.35,124.392,0,True

5.36,0,0,False

5.36,0,84.7632,False

5.36,124.556,0,True

5.37,0,0,False

5.37,0,84.8829,False

5.37,124.719,0,True

5.38,0,0,False

5.38,0,85.0025,False

5.38,124.883,0,True

5.39,0,0,False

5.39,0,85.1219,False

5.39,125.046,0,True

5.4,0,0,False

5.4,0,85.2413,False

5.4,125.208,0,True

5.41,0,0,False

5.41,0,85.3605,False

5.41,125.371,0,True

5.42,0,0,False

5.42,0,85.4796,False

5.42,125.534,0,True

5.43,0,0,False

5.43,0,85.5986,False

5.43,125.696,0,True

5.44,0,0,False

5.44,0,85.7175,False

5.44,125.858,0,True

5.45,0,0,False

5.45,0,85.8363,False

5.45,126.02,0,True

5.46,0,0,False

5.46,0,85.955,False

5.46,126.182,0,True

5.47,0,0,False

5.47,0,86.0735,False

5.47,126.343,0,True

5.48,0,0,False

5.48,0,86.192,False

5.48,126.505,0,True

5.49,0,0,False

5.49,0,86.3104,False

5.49,126.666,0,True

5.5,0,0,False

5.5,0,86.4286,False

5.5,126.827,0,True

5.51,0,0,False

5.51,0,86.5467,False

5.51,126.988,0,True

5.52,0,0,False

5.52,0,86.6648,False

5.52,127.148,0,True

5.53,0,0,False

5.53,0,86.7827,False

5.53,127.309,0,True

5.54,0,0,False

5.54,0,86.9005,False

5.54,127.469,0,True

5.55,0,0,False

5.55,0,87.0182,False

5.55,127.63,0,True

5.56,0,0,False

5.56,0,87.1358,False

5.56,127.789,0,True

5.57,0,0,False

5.57,0,87.2533,False

5.57,127.949,0,True

5.58,0,0,False

5.58,0,87.3707,False

5.58,128.109,0,True

5.59,0,0,False

5.59,0,87.4879,False

5.59,128.268,0,True

5.6,0,0,False

5.6,0,87.6051,False

5.6,128.428,0,True

5.61,0,0,False

5.61,0,87.7222,False

5.61,128.587,0,True

5.62,0,0,False

5.62,0,87.8391,False

5.62,128.746,0,True

5.63,0,0,False

5.63,0,87.956,False

5.63,128.905,0,True

5.64,0,0,False

5.64,0,88.0727,False

5.64,129.063,0,True

5.65,0,0,False

5.65,0,88.1894,False

5.65,129.222,0,True

5.66,0,0,False

5.66,0,88.3059,False

5.66,129.38,0,True

5.67,0,0,False

5.67,0,88.4224,False

5.67,129.538,0,True

5.68,0,0,False

5.68,0,88.5387,False

5.68,129.696,0,True

5.69,0,0,False

5.69,0,88.6549,False

5.69,129.854,0,True

5.7,0,0,False

5.7,0,88.771,False

5.7,130.011,0,True

5.71,0,0,False

5.71,0,88.8871,False

5.71,130.169,0,True

5.72,0,0,False

5.72,0,89.003,False

5.72,130.326,0,True

5.73,0,0,False

5.73,0,89.1188,False

5.73,130.483,0,True

5.74,0,0,False

5.74,0,89.2345,False

5.74,130.64,0,True

5.75,0,0,False

5.75,0,89.3501,False

5.75,130.797,0,True

5.76,0,0,False

5.76,0,89.4656,False

5.76,130.953,0,True

5.77,0,0,False

5.77,0,89.581,False

5.77,131.11,0,True

5.78,0,0,False

5.78,0,89.6963,False

5.78,131.266,0,True

5.79,0,0,False

5.79,0,89.8115,False

5.79,131.422,0,True

5.8,0,0,False

5.8,0,89.9266,False

5.8,131.578,0,True

5.81,0,0,False

5.81,0,90.0416,False

5.81,131.734,0,True

5.82,0,0,False

5.82,0,90.1565,False

5.82,131.89,0,True

5.83,0,0,False

5.83,0,90.2713,False

5.83,132.045,0,True

5.84,0,0,False

5.84,0,90.386,False

5.84,132.2,0,True

5.85,0,0,False

5.85,0,90.5006,False

5.85,132.355,0,True

5.86,0,0,False

5.86,0,90.615,False

5.86,132.51,0,True

5.87,0,0,False

5.87,0,90.7294,False

5.87,132.665,0,True

5.88,0,0,False

5.88,0,90.8437,False

5.88,132.82,0,True

5.89,0,0,False

5.89,0,90.9579,False

5.89,132.974,0,True

5.9,0,0,False

5.9,0,91.072,False

5.9,133.129,0,True

5.91,0,0,False

5.91,0,91.186,False

5.91,133.283,0,True

5.92,0,0,False

5.92,0,91.2999,False

5.92,133.437,0,True

5.93,0,0,False

5.93,0,91.4137,False

5.93,133.591,0,True

5.94,0,0,False

5.94,0,91.5274,False

5.94,133.744,0,True

5.95,0,0,False

5.95,0,91.641,False

5.95,133.898,0,True

5.96,0,0,False

5.96,0,91.7545,False

5.96,134.051,0,True

5.97,0,0,False

5.97,0,91.8679,False

5.97,134.204,0,True

5.98,0,0,False

5.98,0,91.9812,False

5.98,134.357,0,True

5.99,0,0,False

5.99,0,92.0944,False

5.99,134.51,0,True

6.,0,0,False

6.,0,92.2075,False

6.,134.663,0,True