#{W0 -> 1, a0 -> 0.01, zb -> 10, r -> 0.5, l -> 0.05, b -> 1, q0 -> 0.05, p -> 0, h -> 0.1}
#{z1 -> 4.0013854, z2 -> 6.429247, z3 -> 7.086968, u -> 4.8, w -> 0.1}
Nu0, M1, M2, M3, stable 

0.,0.,0.,0.,True

0.,0.,0.,0.,True

0.,0.,0.,0.,True

0.,0.,0.,0.,True

0.,0.,0.,0.,True

0.,0.,0.,0.,True

0.,0.,0.,0.,True

0.,0.,0.,0.,True

0.1,0,0,0,True

0.2,0,0,0,True

0.3,0,0,0,True

0.4,0,0,0,False

0.4,0,0,0.646677,True

0.4,0,0.557693,0,False

0.5,0,0,0,False

0.5,0,0,2.68209,True

0.5,0,2.56729,0,False

0.5,1.91091,0,0,False

0.6,0,0,0,False

0.6,0,0,4.6704,True

0.6,0,4.52882,0,False

0.6,6.47667,0,0,False

0.7,0,0,0,False

0.7,0,0,6.61441,False

0.7,0,4.313,2.19083,True

0.7,0,6.44526,0,False

0.7,10.7937,0,0,False

0.8,0,0,0,False

0.8,0,0,8.51665,False

0.8,0,8.31929,0,True

0.8,14.8956,0,0,False

0.9,0,0,0,False

0.9,0,0,10.3794,False

0.9,0,10.1533,0,True

0.9,18.8091,0,0,False

1.,0,0,0,False

1.,0,0,12.2049,False

1.,0,11.9496,0,True

1.,22.5558,0,0,False

1.1,0,0,0,False

1.1,0,0,13.9949,False

1.1,0,13.7101,0,True

1.1,26.1535,0,0,False

1.2,0,0,0,False

1.2,0,0,15.7512,False

1.2,0,15.4367,0,True

1.2,29.617,0,0,False

1.3,0,0,0,False

1.3,0,0,17.4755,False

1.3,0,17.131,0,True

1.3,32.9588,0,0,False

1.4,0,0,0,False

1.4,0,0,19.1692,False

1.4,0,18.7946,0,True

1.4,36.1897,0,0,False

1.5,0,0,0,False

1.5,0,0,20.8337,False

1.5,0,20.429,0,True

1.5,39.3188,0,0,False

1.6,0,0,0,False

1.6,0,0,22.4704,False

1.6,0,22.0354,0,True

1.6,42.3543,0,0,False

1.7,0,0,0,False

1.7,0,0,24.0804,False

1.7,0,23.6151,0,True

1.7,45.303,0,0,False

1.8,0,0,0,False

1.8,0,0,25.6648,False

1.8,0,25.1693,0,True

1.8,48.1712,0,0,False

1.9,0,0,0,False

1.9,0,0,27.2246,False

1.9,0,26.6989,0,True

1.9,50.9644,0,0,False

2.,0,0,0,False

2.,0,0,28.7608,False

2.,0,28.205,0,True

2.,53.6874,0,0,False

2.1,0,0,0,False

2.1,0,0,30.2744,False

2.1,0,29.6885,0,True

2.1,56.3447,0,0,False

2.2,0,0,0,False

2.2,0,0,31.7662,False

2.2,0,31.1503,0,True

2.2,58.9402,0,0,False

2.3,0,0,0,False

2.3,0,0,33.2369,False

2.3,0,32.5911,0,True

2.3,61.4774,0,0,False

2.4,0,0,0,False

2.4,0,0,34.6873,False

2.4,0,34.0118,0,True

2.4,63.9597,0,0,False

2.5,0,0,0,False

2.5,0,0,36.1182,False

2.5,0,35.4131,0,True

2.5,66.3899,0,0,False

2.6,0,0,0,False

2.6,0,0,37.5302,False

2.6,0,36.7956,0,True

2.6,63.0378,2.62443,0,False

2.6,68.7708,0,0,False

2.7,0,0,0,False

2.7,0,0,38.9239,False

2.7,0,38.16,0,True

2.7,58.3899,5.91414,0,False

2.7,69.0724,0,0.942545,False

2.7,71.1049,0,0,True

2.8,0,0,0,False

2.8,0,0,40.2999,False

2.8,0,39.5069,0,True

2.8,53.1824,9.56276,0,False

2.8,55.7171,6.32652,2.03321,False

2.8,63.7821,0,4.53604,False

2.8,73.3943,0,0,True

2.9,0,0,0,False

2.9,0,0,41.6588,False

2.9,0,40.8368,0,True

2.9,47.1772,13.7208,0,False

2.9,57.5461,0,8.70643,False

2.9,75.6413,0,0,True

3.,0,0,0,False

3.,0,0,43.0011,False

3.,0,42.1504,0,True

3.,39.8989,18.6882,0,False

3.,49.659,0,13.8781,False

3.,77.8477,0,0,True

3.1,0,0,0,False

3.1,0,0,44.3274,False

3.1,0,43.448,0,True

3.1,7.99314,0,39.1971,False

3.1,30.0546,25.279,0,False

3.1,37.4576,0,21.6469,False

3.1,80.0154,0,0,True

3.2,0,0,0,False

3.2,0,0,45.638,False

3.2,0,44.7302,0,False

3.2,82.146,0,0,True

3.3,0,0,0,False

3.3,0,0,46.9336,False

3.3,0,45.9975,0,False

3.3,84.241,0,0,True

3.4,0,0,0,False

3.4,0,0,48.2144,False

3.4,0,47.2503,0,False

3.4,86.302,0,0,True

3.5,0,0,0,False

3.5,0,0,49.481,False

3.5,0,48.489,0,False

3.5,88.3303,0,0,True

3.6,0,0,0,False

3.6,0,0,50.7337,False

3.6,0,49.714,0,False

3.6,90.327,0,0,True

3.7,0,0,0,False

3.7,0,0,51.9729,False

3.7,0,50.9258,0,False

3.7,92.2936,0,0,True

3.8,0,0,0,False

3.8,0,0,53.199,False

3.8,0,52.1245,0,False

3.8,94.2309,0,0,True

3.9,0,0,0,False

3.9,0,0,54.4123,False

3.9,0,53.3107,0,False

3.9,96.1402,0,0,True

4.,0,0,0,False

4.,0,0,55.6131,False

4.,0,54.4846,0,False

4.,98.0223,0,0,True

4.1,0,0,0,False

4.1,0,0,56.8018,False

4.1,0,55.6466,0,False

4.1,99.8783,0,0,True

4.2,0,0,0,False

4.2,0,0,57.9787,False

4.2,0,56.7969,0,False

4.2,101.709,0,0,True

4.3,0,0,0,False

4.3,0,0,59.144,False

4.3,0,57.9359,0,False

4.3,103.515,0,0,True

4.4,0,0,0,False

4.4,0,0,60.2981,False

4.4,0,59.0639,0,False

4.4,105.298,0,0,True

4.5,0,0,0,False

4.5,0,0,61.4412,False

4.5,0,60.181,0,False

4.5,107.057,0,0,True

4.6,0,0,0,False

4.6,0,0,62.5735,False

4.6,0,61.2876,0,False

4.6,108.795,0,0,True

4.7,0,0,0,False

4.7,0,0,63.6954,False

4.7,0,62.3839,0,False

4.7,110.51,0,0,True

4.8,0,0,0,False

4.8,0,0,64.807,False

4.8,0,63.4701,0,False

4.8,112.205,0,0,True

4.9,0,0,0,False

4.9,0,0,65.9087,False

4.9,0,64.5465,0,False

4.9,113.88,0,0,True

5.,0,0,0,False

5.,0,0,67.0005,False

5.,0,65.6133,0,False

5.,115.535,0,0,True

5.1,0,0,0,False

5.1,0,0,68.0827,False

5.1,0,66.6707,0,False

5.1,117.17,0,0,True

5.2,0,0,0,False

5.2,0,0,69.1556,False

5.2,0,67.719,0,False

5.2,118.787,0,0,True

5.3,0,0,0,False

5.3,0,0,70.2193,False

5.3,0,68.7582,0,False

5.3,120.386,0,0,True

5.4,0,0,0,False

5.4,0,0,71.2741,False

5.4,0,69.7887,0,False

5.4,121.967,0,0,True

5.5,0,0,0,False

5.5,0,0,72.32,False

5.5,0,70.8105,0,False

5.5,123.532,0,0,True

5.6,0,0,0,False

5.6,0,0,73.3574,False

5.6,0,71.8239,0,False

5.6,125.079,0,0,True

5.7,0,0,0,False

5.7,0,0,74.3863,False

5.7,0,72.829,0,False

5.7,126.61,0,0,True

5.8,0,0,0,False

5.8,0,0,75.4069,False

5.8,0,73.8261,0,False

5.8,128.125,0,0,True

5.9,0,0,0,False

5.9,0,0,76.4194,False

5.9,0,74.8152,0,False

5.9,129.624,0,0,True

6.,0,0,0,False

6.,0,0,77.424,False

6.,0,75.7965,0,False

6.,131.109,0,0,True

6.1,0,0,0,False

6.1,0,0,78.4207,False

6.1,0,76.7702,0,False

6.1,132.578,0,0,True

6.2,0,0,0,False

6.2,0,0,79.4099,False

6.2,0,77.7364,0,False

6.2,134.034,0,0,True

6.3,0,0,0,False

6.3,0,0,80.3915,False

6.3,0,78.6952,0,False

6.3,135.475,0,0,True

6.4,0,0,0,False

6.4,0,0,81.3657,False

6.4,0,79.6469,0,False

6.4,136.902,0,0,True

6.5,0,0,0,False

6.5,0,0,82.3327,False

6.5,0,80.5915,0,False

6.5,138.316,0,0,True

6.6,0,0,0,False

6.6,0,0,83.2926,False

6.6,0,81.5291,0,False

6.6,139.716,0,0,True

6.7,0,0,0,False

6.7,0,0,84.2455,False

6.7,0,82.46,0,False

6.7,141.104,0,0,True

6.8,0,0,0,False

6.8,0,0,85.1916,False

6.8,0,83.3841,0,False

6.8,142.479,0,0,True

6.9,0,0,0,False

6.9,0,0,86.1309,False

6.9,0,84.3016,0,False

6.9,143.842,0,0,True

7.,0,0,0,False

7.,0,0,87.0636,False

7.,0,85.2127,0,False

7.,145.193,0,0,True

7.1,0,0,0,False

7.1,0,0,87.9899,False

7.1,0,86.1174,0,False

7.1,146.531,0,0,True

7.2,0,0,0,False

7.2,0,0,88.9097,False

7.2,0,87.0159,0,False

7.2,147.859,0,0,True

7.3,0,0,0,False

7.3,0,0,89.8232,False

7.3,0,87.9082,0,False

7.3,149.175,0,0,True

7.4,0,0,0,False

7.4,0,0,90.7305,False

7.4,0,88.7945,0,False

7.4,150.479,0,0,True

7.5,0,0,0,False

7.5,0,0,91.6317,False

7.5,0,89.6749,0,False

7.5,151.773,0,0,True

7.6,0,0,0,False

7.6,0,0,92.527,False

7.6,0,90.5494,0,False

7.6,153.056,0,0,True

7.7,0,0,0,False

7.7,0,0,93.4163,False

7.7,0,91.4182,0,False

7.7,154.329,0,0,True

7.8,0,0,0,False

7.8,0,0,94.2999,False

7.8,0,92.2813,0,False

7.8,155.591,0,0,True

7.9,0,0,0,False

7.9,0,0,95.1778,False

7.9,0,93.1388,0,False

7.9,156.843,0,0,True

8.,0,0,0,False

8.,0,0,96.05,False

8.,0,93.9909,0,False

8.,158.085,0,0,True

8.1,0,0,0,False

8.1,0,0,96.9167,False

8.1,0,94.8375,0,False

8.1,159.318,0,0,True

8.2,0,0,0,False

8.2,0,0,97.7779,False

8.2,0,95.6789,0,False

8.2,160.541,0,0,True

8.3,0,0,0,False

8.3,0,0,98.6338,False

8.3,0,96.515,0,False

8.3,161.754,0,0,True

8.4,0,0,0,False

8.4,0,0,99.4844,False

8.4,0,97.3459,0,False

8.4,162.958,0,0,True

8.5,0,0,0,False

8.5,0,0,100.33,False

8.5,0,98.1718,0,False

8.5,164.153,0,0,True

8.6,0,0,0,False

8.6,0,0,101.17,False

8.6,0,98.9927,0,False

8.6,165.34,0,0,True

8.7,0,0,0,False

8.7,0,0,102.005,False

8.7,0,99.8086,0,False

8.7,166.517,0,0,True

8.8,0,0,0,False

8.8,0,0,102.835,False

8.8,0,100.62,0,False

8.8,167.686,0,0,True

8.9,0,0,0,False

8.9,0,0,103.661,False

8.9,0,101.426,0,False

8.9,168.846,0,0,True

9.,0,0,0,False

9.,0,0,104.481,False

9.,0,102.228,0,False

9.,169.998,0,0,True

9.1,0,0,0,False

9.1,0,0,105.297,False

9.1,0,103.024,0,False

9.1,171.142,0,0,True

9.2,0,0,0,False

9.2,0,0,106.108,False

9.2,0,103.817,0,False

9.2,172.278,0,0,True

9.3,0,0,0,False

9.3,0,0,106.914,False

9.3,0,104.605,0,False

9.3,173.406,0,0,True

9.4,0,0,0,False

9.4,0,0,107.716,False

9.4,0,105.388,0,False

9.4,174.526,0,0,True

9.5,0,0,0,False

9.5,0,0,108.513,False

9.5,0,106.167,0,False

9.5,175.638,0,0,True

9.6,0,0,0,False

9.6,0,0,109.306,False

9.6,0,106.941,0,False

9.6,176.743,0,0,True

9.7,0,0,0,False

9.7,0,0,110.094,False

9.7,0,107.712,0,False

9.7,177.84,0,0,True

9.8,0,0,0,False

9.8,0,0,110.878,False

9.8,0,108.478,0,False

9.8,178.93,0,0,True

9.9,0,0,0,False

9.9,0,0,111.657,False

9.9,0,109.24,0,False

9.9,180.013,0,0,True

10.,0,0,0,False

10.,0,0,112.433,False

10.,0,109.997,0,False

10.,181.088,0,0,True