#{W0 -> 1, a0 -> 0.01, zb -> 10, r -> 0.5, l -> 0.05, b -> 1,  q0 -> 0.005, p -> 0.5, h -> 0.1 }
# {z1 -> 2.691469, z2 -> 4.915440, u -> 4.5, w -> 0.15}
Nu0,M1,M2,stable

3.,0,0,False

3.,0,51.2461,True

3.,75.3981,0,False

3.01,0,0,False

3.01,0,51.4141,True

3.01,75.6434,0,False

3.02,0,0,False

3.02,0,51.582,True

3.02,75.8882,0,False

3.03,0,0,False

3.03,0,51.7496,True

3.03,76.1326,0,False

3.04,0,0,False

3.04,0,51.9169,True

3.04,76.3765,0,False

3.05,0,0,False

3.05,0,52.084,True

3.05,76.6199,0,False

3.06,0,0,False

3.06,0,52.2509,True

3.06,76.8629,0,False

3.07,0,0,False

3.07,0,52.4176,True

3.07,77.1054,0,False

3.08,0,0,False

3.08,0,52.584,True

3.08,77.3475,0,False

3.09,0,0,False

3.09,0,52.7502,True

3.09,77.5891,0,False

3.1,0,0,False

3.1,0,52.9162,True

3.1,77.8303,0,False

3.11,0,0,False

3.11,0,53.0819,True

3.11,78.071,0,False

3.12,0,0,False

3.12,0,53.2474,True

3.12,78.3113,0,False

3.13,0,0,False

3.13,0,53.4127,True

3.13,78.5512,0,False

3.14,0,0,False

3.14,0,53.5778,True

3.14,78.7906,0,False

3.15,0,0,False

3.15,0,53.7426,True

3.15,79.0296,0,False

3.16,0,0,False

3.16,0,53.9072,True

3.16,79.2682,0,False

3.17,0,0,False

3.17,0,54.0716,True

3.17,79.5063,0,False

3.18,0,0,False

3.18,0,54.2358,True

3.18,79.744,0,False

3.19,0,0,False

3.19,0,54.3997,True

3.19,79.9812,0,False

3.2,0,0,False

3.2,0,54.5634,True

3.2,80.2181,0,False

3.21,0,0,False

3.21,0,54.7269,True

3.21,80.4545,0,False

3.22,0,0,False

3.22,0,54.8902,True

3.22,80.6905,0,False

3.23,0,0,False

3.23,0,55.0533,True

3.23,80.9261,0,False

3.24,0,0,False

3.24,0,55.2161,True

3.24,81.1612,0,False

3.25,0,0,False

3.25,0,55.3787,True

3.25,81.3959,0,False

3.26,0,0,False

3.26,0,55.5411,True

3.26,81.6303,0,False

3.27,0,0,False

3.27,0,55.7033,True

3.27,81.8642,0,False

3.28,0,0,False

3.28,0,55.8653,True

3.28,82.0977,0,False

3.29,0,0,False

3.29,0,56.027,True

3.29,82.3307,0,False

3.3,0,0,False

3.3,0,56.1886,True

3.3,82.5634,0,False

3.31,0,0,False

3.31,0,56.3499,True

3.31,82.7957,0,False

3.32,0,0,False

3.32,0,56.511,True

3.32,83.0276,0,False

3.33,0,0,False

3.33,0,56.6719,True

3.33,83.259,0,False

3.34,0,0,False

3.34,0,56.8326,True

3.34,83.4901,0,False

3.35,0,0,False

3.35,0,56.9931,True

3.35,83.7208,0,False

3.36,0,0,False

3.36,0,57.1533,True

3.36,83.951,0,False

3.37,0,0,False

3.37,0,57.3134,True

3.37,84.1809,0,False

3.38,0,0,False

3.38,0,57.4733,True

3.38,84.4104,0,False

3.39,0,0,False

3.39,0,57.6329,True

3.39,84.6395,0,False

3.4,0,0,False

3.4,0,57.7923,True

3.4,84.8682,0,False

3.41,0,0,False

3.41,0,57.9516,True

3.41,85.0965,0,False

3.42,0,0,False

3.42,0,58.1106,True

3.42,85.3244,0,False

3.43,0,0,False

3.43,0,58.2694,True

3.43,85.5519,0,False

3.44,0,0,False

3.44,0,58.428,True

3.44,85.7791,0,False

3.45,0,0,False

3.45,0,58.5864,True

3.45,86.0059,0,False

3.46,0,0,False

3.46,0,58.7446,True

3.46,86.2322,0,False

3.47,0,0,False

3.47,0,58.9026,True

3.47,86.4583,0,False

3.48,0,0,False

3.48,0,59.0604,True

3.48,86.6839,0,False

3.49,0,0,False

3.49,0,59.218,True

3.49,86.9091,0,False

3.5,0,0,False

3.5,0,59.3754,True

3.5,87.134,0,False

3.51,0,0,False

3.51,0,59.5326,True

3.51,87.3585,0,False

3.52,0,0,False

3.52,0,59.6896,True

3.52,87.5827,0,False

3.53,0,0,False

3.53,0,59.8464,True

3.53,87.8064,0,False

3.54,0,0,False

3.54,0,60.003,True

3.54,88.0298,0,False

3.55,0,0,False

3.55,0,60.1594,True

3.55,88.2528,0,False

3.56,0,0,False

3.56,0,60.3156,True

3.56,88.4755,0,False

3.57,0,0,False

3.57,0,60.4716,True

3.57,88.6978,0,False

3.58,0,0,False

3.58,0,60.6274,True

3.58,88.9197,0,False

3.59,0,0,False

3.59,0,60.783,True

3.59,89.1413,0,False

3.6,0,0,False

3.6,0,60.9384,True

3.6,89.3625,0,False

3.61,0,0,False

3.61,0,61.0937,True

3.61,89.5834,0,False

3.62,0,0,False

3.62,0,61.2487,True

3.62,89.8039,0,False

3.63,0,0,False

3.63,0,61.4035,True

3.63,90.024,0,False

3.64,0,0,False

3.64,0,61.5582,True

3.64,90.2438,0,False

3.65,0,0,False

3.65,0,61.7126,True

3.65,90.4633,0,False

3.66,0,0,False

3.66,0,61.8669,True

3.66,90.6823,0,False

3.67,0,0,False

3.67,0,62.021,True

3.67,90.9011,0,False

3.68,0,0,False

3.68,0,62.1749,True

3.68,91.1195,0,False

3.69,0,0,False

3.69,0,62.3286,True

3.69,91.3375,0,False

3.7,0,0,False

3.7,0,62.4821,True

3.7,91.5552,0,False

3.71,0,0,False

3.71,0,62.6354,True

3.71,91.7726,0,False

3.72,0,0,False

3.72,0,62.7885,True

3.72,91.9896,0,False

3.73,0,0,False

3.73,0,62.9415,True

3.73,92.2062,0,False

3.74,0,0,False

3.74,0,63.0942,True

3.74,92.4226,0,False

3.75,0,0,False

3.75,0,63.2468,True

3.75,92.6385,0,False

3.76,0,0,False

3.76,0,63.3992,True

3.76,92.8542,0,False

3.77,0,0,False

3.77,0,63.5514,True

3.77,93.0695,0,False

3.78,0,0,False

3.78,0,63.7034,True

3.78,93.2845,0,False

3.79,0,0,False

3.79,0,63.8552,True

3.79,93.4991,0,False

3.8,0,0,False

3.8,0,64.0069,True

3.8,93.7134,0,False

3.81,0,0,False

3.81,0,64.1583,True

3.81,93.9274,0,False

3.82,0,0,False

3.82,0,64.3096,True

3.82,94.1411,0,False

3.83,0,0,False

3.83,0,64.4607,True

3.83,94.3544,0,False

3.84,0,0,False

3.84,0,64.6116,True

3.84,94.5674,0,False

3.85,0,0,False

3.85,0,64.7624,True

3.85,94.78,0,False

3.86,0,0,False

3.86,0,64.913,True

3.86,94.9924,0,False

3.87,0,0,False

3.87,0,65.0633,True

3.87,95.2044,0,False

3.88,0,0,False

3.88,0,65.2135,True

3.88,95.4161,0,False

3.89,0,0,False

3.89,0,65.3636,True

3.89,95.6274,0,False

3.9,0,0,False

3.9,0,65.5134,True

3.9,95.8385,0,False

3.91,0,0,False

3.91,0,65.6631,True

3.91,96.0492,0,False

3.92,0,0,False

3.92,0,65.8126,True

3.92,96.2596,0,False

3.93,0,0,False

3.93,0,65.9619,True

3.93,96.4697,0,False

3.94,0,0,False

3.94,0,66.111,True

3.94,96.6795,0,False

3.95,0,0,False

3.95,0,66.26,True

3.95,96.889,0,False

3.96,0,0,False

3.96,0,66.4088,True

3.96,97.0981,0,False

3.97,0,0,False

3.97,0,66.5574,True

3.97,97.307,0,False

3.98,0,0,False

3.98,0,66.7058,True

3.98,97.5155,0,False

3.99,0,0,False

3.99,0,66.8541,True

3.99,97.7237,0,False

4.,0,0,False

4.,0,67.0022,True

4.,97.9316,0,False

4.01,0,0,False

4.01,0,67.1501,True

4.01,98.1392,0,False

4.02,0,0,False

4.02,0,67.2979,True

4.02,98.3465,0,False

4.03,0,0,False

4.03,0,67.4455,True

4.03,98.5535,0,False

4.04,0,0,False

4.04,0,67.5929,True

4.04,98.7602,0,False

4.05,0,0,False

4.05,0,67.7401,True

4.05,98.9666,0,False

4.06,0,0,False

4.06,0,67.8872,True

4.06,99.1726,0,False

4.07,0,0,False

4.07,0,68.0341,True

4.07,99.3784,0,False

4.08,0,0,False

4.08,0,68.1808,True

4.08,99.5839,0,False

4.09,0,0,False

4.09,0,68.3274,True

4.09,99.7891,0,False

4.1,0,0,False

4.1,0,68.4738,True

4.1,99.9939,0,False

4.11,0,0,False

4.11,0,68.62,True

4.11,100.199,0,False

4.12,0,0,False

4.12,0,68.7661,True

4.12,100.403,0,False

4.13,0,0,False

4.13,0,68.912,True

4.13,100.607,0,False

4.14,0,0,False

4.14,0,69.0577,True

4.14,100.811,0,False

4.15,0,0,False

4.15,0,69.2033,False

4.15,0.440768,68.863,True

4.15,101.014,0,False

4.16,0,0,False

4.16,0,69.3487,False

4.16,0.925018,68.6346,True

4.16,101.217,0,False

4.17,0,0,False

4.17,0,69.4939,False

4.17,1.4114,68.4045,True

4.17,101.42,0,False

4.18,0,0,False

4.18,0,69.639,False

4.18,1.89996,68.1728,True

4.18,101.622,0,False

4.19,0,0,False

4.19,0,69.7839,False

4.19,2.39073,67.9393,True

4.19,101.825,0,False

4.2,0,0,False

4.2,0,69.9286,False

4.2,2.88376,67.7041,True

4.2,102.027,0,False

4.21,0,0,False

4.21,0,70.0732,False

4.21,3.3791,67.467,True

4.21,102.228,0,False

4.22,0,0,False

4.22,0,70.2176,False

4.22,3.87678,67.2282,True

4.22,102.43,0,False

4.23,0,0,False

4.23,0,70.3619,False

4.23,4.37687,66.9874,True

4.23,102.631,0,False

4.24,0,0,False

4.24,0,70.506,False

4.24,4.8794,66.7448,True

4.24,102.832,0,False

4.25,0,0,False

4.25,0,70.6499,False

4.25,5.38443,66.5003,True

4.25,103.032,0,False

4.26,0,0,False

4.26,0,70.7937,False

4.26,5.89201,66.2538,True

4.26,103.232,0,False

4.27,0,0,False

4.27,0,70.9373,False

4.27,6.4022,66.0054,True

4.27,103.432,0,False

4.28,0,0,False

4.28,0,71.0808,False

4.28,6.91504,65.7549,True

4.28,103.632,0,False

4.29,0,0,False

4.29,0,71.2241,False

4.29,7.43061,65.5023,True

4.29,103.831,0,False

4.3,0,0,False

4.3,0,71.3672,False

4.3,7.94894,65.2477,True

4.3,104.031,0,False

4.31,0,0,False

4.31,0,71.5102,False

4.31,8.47012,64.9909,True

4.31,104.229,0,False

4.32,0,0,False

4.32,0,71.653,False

4.32,8.9942,64.7319,True

4.32,104.428,0,False

4.33,0,0,False

4.33,0,71.7957,False

4.33,9.52125,64.4707,True

4.33,104.626,0,False

4.34,0,0,False

4.34,0,71.9382,False

4.34,10.0513,64.2072,True

4.34,104.824,0,False

4.35,0,0,False

4.35,0,72.0805,False

4.35,10.5845,63.9413,True

4.35,105.022,0,False

4.36,0,0,False

4.36,0,72.2227,False

4.36,11.1209,63.6732,True

4.36,105.22,0,False

4.37,0,0,False

4.37,0,72.3647,False

4.37,11.6605,63.4025,True

4.37,105.417,0,False

4.38,0,0,False

4.38,0,72.5066,False

4.38,12.2035,63.1294,True

4.38,105.614,0,False

4.39,0,0,False

4.39,0,72.6483,False

4.39,12.7499,62.8538,True

4.39,105.81,0,False

4.4,0,0,False

4.4,0,72.7899,False

4.4,13.2998,62.5756,True

4.4,106.007,0,False

4.41,0,0,False

4.41,0,72.9313,False

4.41,13.8533,62.2948,True

4.41,106.203,0,False

4.42,0,0,False

4.42,0,73.0726,False

4.42,14.4105,62.0112,True

4.42,106.399,0,False

4.43,0,0,False

4.43,0,73.2137,False

4.43,14.9714,61.7249,True

4.43,106.594,0,False

4.44,0,0,False

4.44,0,73.3547,False

4.44,15.5362,61.4357,True

4.44,106.79,0,False

4.45,0,0,False

4.45,0,73.4955,False

4.45,16.1051,61.1436,True

4.45,106.985,0,False

4.46,0,0,False

4.46,0,73.6361,False

4.46,16.678,60.8486,True

4.46,107.18,0,False

4.47,0,0,False

4.47,0,73.7766,False

4.47,17.2551,60.5505,True

4.47,107.374,0,False

4.48,0,0,False

4.48,0,73.917,False

4.48,17.8366,60.2492,True

4.48,107.568,0,False

4.49,0,0,False

4.49,0,74.0572,False

4.49,18.4225,59.9448,True

4.49,107.762,0,False

4.5,0,0,False

4.5,0,74.1972,False

4.5,19.013,59.637,True

4.5,107.956,0,False

4.51,0,0,False

4.51,0,74.3371,False

4.51,19.6082,59.3258,True

4.51,108.15,0,False

4.52,0,0,False

4.52,0,74.4769,False

4.52,20.2083,59.0112,True

4.52,108.343,0,False

4.53,0,0,False

4.53,0,74.6165,False

4.53,20.8134,58.6929,True

4.53,108.536,0,False

4.54,0,0,False

4.54,0,74.7559,False

4.54,21.4237,58.371,True

4.54,108.729,0,False

4.55,0,0,False

4.55,0,74.8952,False

4.55,22.0393,58.0452,True

4.55,108.921,0,False

4.56,0,0,False

4.56,0,75.0344,False

4.56,22.6604,57.7156,True

4.56,109.113,0,False

4.57,0,0,False

4.57,0,75.1734,False

4.57,23.2873,57.3818,True

4.57,109.305,0,False

4.58,0,0,False

4.58,0,75.3123,False

4.58,23.92,57.0439,True

4.58,109.497,0,False

4.59,0,0,False

4.59,0,75.451,False

4.59,24.5588,56.7017,True

4.59,109.688,0,False

4.6,0,0,False

4.6,0,75.5895,False

4.6,25.204,56.3551,True

4.6,109.88,0,False

4.61,0,0,False

4.61,0,75.7279,False

4.61,25.8556,56.0038,True

4.61,110.071,0,False

4.62,0,0,False

4.62,0,75.8662,False

4.62,26.5141,55.6477,True

4.62,110.261,0,False

4.63,0,0,False

4.63,0,76.0044,False

4.63,27.1797,55.2867,True

4.63,110.452,0,False

4.64,0,0,False

4.64,0,76.1423,False

4.64,27.8525,54.9206,True

4.64,110.642,0,False

4.65,0,0,False

4.65,0,76.2802,False

4.65,28.533,54.5491,True

4.65,110.832,0,False

4.66,0,0,False

4.66,0,76.4179,False

4.66,29.2214,54.1722,True

4.66,111.022,0,False

4.67,0,0,False

4.67,0,76.5554,False

4.67,29.9181,53.7894,True

4.67,111.211,0,False

4.68,0,0,False

4.68,0,76.6928,False

4.68,30.6235,53.4007,True

4.68,111.4,0,False

4.69,0,0,False

4.69,0,76.8301,False

4.69,31.3378,53.0057,True

4.69,111.589,0,False

4.7,0,0,False

4.7,0,76.9672,False

4.7,32.0616,52.6041,True

4.7,111.778,0,False

4.71,0,0,False

4.71,0,77.1042,False

4.71,32.7952,52.1958,True

4.71,111.966,0,False

4.72,0,0,False

4.72,0,77.241,False

4.72,33.5392,51.7803,True

4.72,112.155,0,False

4.73,0,0,False

4.73,0,77.3777,False

4.73,34.2941,51.3573,True

4.73,112.343,0,False

4.74,0,0,False

4.74,0,77.5143,False

4.74,35.0604,50.9265,True

4.74,112.53,0,False

4.75,0,0,False

4.75,0,77.6507,False

4.75,35.8388,50.4873,True

4.75,112.718,0,False

4.76,0,0,False

4.76,0,77.7869,False

4.76,36.63,50.0395,True

4.76,112.905,0,False

4.77,0,0,False

4.77,0,77.9231,False

4.77,37.4346,49.5824,True

4.77,113.092,0,False

4.78,0,0,False

4.78,0,78.0591,False

4.78,38.2535,49.1155,True

4.78,112.906,0.215425,False

4.78,113.279,0,True

4.79,0,0,False

4.79,0,78.1949,False

4.79,39.0876,48.6384,True

4.79,112.195,0.735762,False

4.79,113.466,0,True

4.8,0,0,False

4.8,0,78.3306,False

4.8,39.9378,48.1502,True

4.8,111.467,1.26702,False

4.8,113.652,0,True

4.81,0,0,False

4.81,0,78.4662,False

4.81,40.8053,47.6503,True

4.81,110.722,1.80992,False

4.81,113.838,0,True

4.82,0,0,False

4.82,0,78.6016,False

4.82,41.6913,47.1378,True

4.82,109.958,2.36529,False

4.82,114.024,0,True

4.83,0,0,False

4.83,0,78.7369,False

4.83,42.5972,46.6119,True

4.83,109.174,2.93403,False

4.83,114.209,0,True

4.84,0,0,False

4.84,0,78.8721,False

4.84,43.5245,46.0714,True

4.84,108.369,3.5172,False

4.84,114.395,0,True

4.85,0,0,False

4.85,0,79.0071,False

4.85,44.475,45.5153,True

4.85,107.54,4.11596,False

4.85,114.58,0,True

4.86,0,0,False

4.86,0,79.142,False

4.86,45.4508,44.9422,True

4.86,106.686,4.73166,False

4.86,114.765,0,True

4.87,0,0,False

4.87,0,79.2767,False

4.87,46.4541,44.3504,True

4.87,105.804,5.36585,False

4.87,114.95,0,True

4.88,0,0,False

4.88,0,79.4113,False

4.88,47.4878,43.7383,True

4.88,104.892,6.02034,False

4.88,115.134,0,True

4.89,0,0,False

4.89,0,79.5458,False

4.89,48.555,43.1037,True

4.89,103.946,6.69725,False

4.89,115.318,0,True

4.9,0,0,False

4.9,0,79.6801,False

4.9,49.6595,42.4441,True

4.9,102.963,7.3991,False

4.9,115.502,0,True

4.91,0,0,False

4.91,0,79.8143,False

4.91,50.8058,41.7564,True

4.91,101.937,8.12893,False

4.91,115.686,0,True

4.92,0,0,False

4.92,0,79.9484,False

4.92,51.9997,41.037,True

4.92,100.864,8.89044,False

4.92,115.87,0,True

4.93,0,0,False

4.93,0,80.0823,False

4.93,53.248,40.2811,True

4.93,99.7369,9.68824,False

4.93,116.053,0,True

4.94,0,0,False

4.94,0,80.2161,False

4.94,54.5596,39.4831,True

4.94,98.546,10.5282,False

4.94,116.236,0,True

4.95,0,0,False

4.95,0,80.3498,False

4.95,55.946,38.6352,True

4.95,97.2803,11.4178,False

4.95,116.419,0,True

4.96,0,0,False

4.96,0,80.4833,False

4.96,57.4226,37.7273,True

4.96,95.9242,12.3675,False

4.96,116.601,0,True

4.97,0,0,False

4.97,0,80.6167,False

4.97,59.0111,36.745,True

4.97,94.4561,13.3914,False

4.97,116.784,0,True

4.98,0,0,False

4.98,0,80.75,False

4.98,60.7434,35.6673,True

4.98,92.8441,14.5107,False

4.98,116.966,0,True

4.99,0,0,False

4.99,0,80.8831,False

4.99,62.6703,34.4605,True

4.99,91.0373,15.759,False

4.99,117.148,0,True

5.,0,0,False

5.,0,81.0161,False

5.,64.8821,33.0649,True

5.,88.9455,17.1959,False

5.,117.33,0,True

5.01,0,0,False

5.01,0,81.149,False

5.01,67.5726,31.3528,True

5.01,86.375,18.9494,False

5.01,117.511,0,True

5.02,0,0,False

5.02,0,81.2817,False

5.02,71.3736,28.9066,True

5.02,82.6938,21.4368,False

5.02,117.692,0,True

5.03,0,0,False

5.03,0,81.4143,False

5.03,117.874,0,True

5.04,0,0,False

5.04,0,81.5468,False

5.04,118.054,0,True

5.05,0,0,False

5.05,0,81.6791,False

5.05,118.235,0,True

5.06,0,0,False

5.06,0,81.8113,False

5.06,118.415,0,True

5.07,0,0,False

5.07,0,81.9434,False

5.07,118.596,0,True

5.08,0,0,False

5.08,0,82.0753,False

5.08,118.776,0,True

5.09,0,0,False

5.09,0,82.2072,False

5.09,118.955,0,True

5.1,0,0,False

5.1,0,82.3388,False

5.1,119.135,0,True

5.11,0,0,False

5.11,0,82.4704,False

5.11,119.314,0,True

5.12,0,0,False

5.12,0,82.6018,False

5.12,119.493,0,True

5.13,0,0,False

5.13,0,82.7331,False

5.13,119.672,0,True

5.14,0,0,False

5.14,0,82.8643,False

5.14,119.851,0,True

5.15,0,0,False

5.15,0,82.9954,False

5.15,120.029,0,True

5.16,0,0,False

5.16,0,83.1263,False

5.16,120.208,0,True

5.17,0,0,False

5.17,0,83.2571,False

5.17,120.386,0,True

5.18,0,0,False

5.18,0,83.3877,False

5.18,120.563,0,True

5.19,0,0,False

5.19,0,83.5183,False

5.19,120.741,0,True

5.2,0,0,False

5.2,0,83.6487,False

5.2,120.918,0,True

5.21,0,0,False

5.21,0,83.7789,False

5.21,121.096,0,True

5.22,0,0,False

5.22,0,83.9091,False

5.22,121.273,0,True

5.23,0,0,False

5.23,0,84.0391,False

5.23,121.449,0,True

5.24,0,0,False

5.24,0,84.169,False

5.24,121.626,0,True

5.25,0,0,False

5.25,0,84.2988,False

5.25,121.802,0,True

5.26,0,0,False

5.26,0,84.4285,False

5.26,121.978,0,True

5.27,0,0,False

5.27,0,84.558,False

5.27,122.154,0,True

5.28,0,0,False

5.28,0,84.6874,False

5.28,122.33,0,True

5.29,0,0,False

5.29,0,84.8167,False

5.29,122.506,0,True

5.3,0,0,False

5.3,0,84.9459,False

5.3,122.681,0,True

5.31,0,0,False

5.31,0,85.0749,False

5.31,122.856,0,True

5.32,0,0,False

5.32,0,85.2038,False

5.32,123.031,0,True

5.33,0,0,False

5.33,0,85.3326,False

5.33,123.206,0,True

5.34,0,0,False

5.34,0,85.4613,False

5.34,123.38,0,True

5.35,0,0,False

5.35,0,85.5898,False

5.35,123.555,0,True

5.36,0,0,False

5.36,0,85.7183,False

5.36,123.729,0,True

5.37,0,0,False

5.37,0,85.8466,False

5.37,123.903,0,True

5.38,0,0,False

5.38,0,85.9747,False

5.38,124.076,0,True

5.39,0,0,False

5.39,0,86.1028,False

5.39,124.25,0,True

5.4,0,0,False

5.4,0,86.2308,False

5.4,124.423,0,True

5.41,0,0,False

5.41,0,86.3586,False

5.41,124.596,0,True

5.42,0,0,False

5.42,0,86.4863,False

5.42,124.769,0,True

5.43,0,0,False

5.43,0,86.6139,False

5.43,124.942,0,True

5.44,0,0,False

5.44,0,86.7413,False

5.44,125.114,0,True

5.45,0,0,False

5.45,0,86.8687,False

5.45,125.287,0,True

5.46,0,0,False

5.46,0,86.9959,False

5.46,125.459,0,True

5.47,0,0,False

5.47,0,87.123,False

5.47,125.631,0,True

5.48,0,0,False

5.48,0,87.25,False

5.48,125.803,0,True

5.49,0,0,False

5.49,0,87.3768,False

5.49,125.974,0,True

5.5,0,0,False

5.5,0,87.5036,False

5.5,126.145,0,True

5.51,0,0,False

5.51,0,87.6302,False

5.51,126.317,0,True

5.52,0,0,False

5.52,0,87.7567,False

5.52,126.488,0,True

5.53,0,0,False

5.53,0,87.8831,False

5.53,126.658,0,True

5.54,0,0,False

5.54,0,88.0094,False

5.54,126.829,0,True

5.55,0,0,False

5.55,0,88.1356,False

5.55,126.999,0,True

5.56,0,0,False

5.56,0,88.2616,False

5.56,127.17,0,True

5.57,0,0,False

5.57,0,88.3876,False

5.57,127.34,0,True

5.58,0,0,False

5.58,0,88.5134,False

5.58,127.509,0,True

5.59,0,0,False

5.59,0,88.6391,False

5.59,127.679,0,True

5.6,0,0,False

5.6,0,88.7647,False

5.6,127.848,0,True

5.61,0,0,False

5.61,0,88.8901,False

5.61,128.018,0,True

5.62,0,0,False

5.62,0,89.0155,False

5.62,128.187,0,True

5.63,0,0,False

5.63,0,89.1407,False

5.63,128.356,0,True

5.64,0,0,False

5.64,0,89.2658,False

5.64,128.524,0,True

5.65,0,0,False

5.65,0,89.3909,False

5.65,128.693,0,True

5.66,0,0,False

5.66,0,89.5157,False

5.66,128.861,0,True

5.67,0,0,False

5.67,0,89.6405,False

5.67,129.029,0,True

5.68,0,0,False

5.68,0,89.7652,False

5.68,129.197,0,True

5.69,0,0,False

5.69,0,89.8898,False

5.69,129.365,0,True

5.7,0,0,False

5.7,0,90.0142,False

5.7,129.533,0,True

5.71,0,0,False

5.71,0,90.1385,False

5.71,129.7,0,True

5.72,0,0,False

5.72,0,90.2628,False

5.72,129.867,0,True

5.73,0,0,False

5.73,0,90.3869,False

5.73,130.034,0,True

5.74,0,0,False

5.74,0,90.5109,False

5.74,130.201,0,True

5.75,0,0,False

5.75,0,90.6347,False

5.75,130.368,0,True

5.76,0,0,False

5.76,0,90.7585,False

5.76,130.534,0,True

5.77,0,0,False

5.77,0,90.8822,False

5.77,130.7,0,True

5.78,0,0,False

5.78,0,91.0057,False

5.78,130.867,0,True

5.79,0,0,False

5.79,0,91.1292,False

5.79,131.033,0,True

5.8,0,0,False

5.8,0,91.2525,False

5.8,131.198,0,True

5.81,0,0,False

5.81,0,91.3757,False

5.81,131.364,0,True

5.82,0,0,False

5.82,0,91.4988,False

5.82,131.529,0,True

5.83,0,0,False

5.83,0,91.6218,False

5.83,131.695,0,True

5.84,0,0,False

5.84,0,91.7447,False

5.84,131.86,0,True

5.85,0,0,False

5.85,0,91.8675,False

5.85,132.024,0,True

5.86,0,0,False

5.86,0,91.9902,False

5.86,132.189,0,True

5.87,0,0,False

5.87,0,92.1127,False

5.87,132.354,0,True

5.88,0,0,False

5.88,0,92.2352,False

5.88,132.518,0,True

5.89,0,0,False

5.89,0,92.3575,False

5.89,132.682,0,True

5.9,0,0,False

5.9,0,92.4798,False

5.9,132.846,0,True

5.91,0,0,False

5.91,0,92.6019,False

5.91,133.01,0,True

5.92,0,0,False

5.92,0,92.7239,False

5.92,133.174,0,True

5.93,0,0,False

5.93,0,92.8458,False

5.93,133.337,0,True

5.94,0,0,False

5.94,0,92.9676,False

5.94,133.5,0,True

5.95,0,0,False

5.95,0,93.0893,False

5.95,133.664,0,True

5.96,0,0,False

5.96,0,93.2109,False

5.96,133.827,0,True

5.97,0,0,False

5.97,0,93.3324,False

5.97,133.989,0,True

5.98,0,0,False

5.98,0,93.4538,False

5.98,134.152,0,True

5.99,0,0,False

5.99,0,93.5751,False

5.99,134.314,0,True

6.,0,0,False

6.,0,93.6962,False

6.,134.477,0,True